0 0.203125 0.633203 0.031250 0.016406
1 0.249609 0.639062 0.130469 0.026562
0 0.469141 0.628125 0.014844 0.017188
1 0.465625 0.632812 0.039062 0.026562
0 0.592969 0.631641 0.012500 0.017969
1 0.588672 0.636719 0.030469 0.028125
0 0.720703 0.639453 0.010156 0.013281
1 0.722656 0.643750 0.040625 0.025000
0 0.719141 0.630078 0.011719 0.011719
1 0.729688 0.630859 0.032813 0.014844
1 0.650000 0.638672 0.021875 0.013281
0 0.707422 0.631641 0.014844 0.011719
0 0.805469 0.627344 0.012500 0.010937
1 0.816016 0.630078 0.038281 0.019531
